100
156
60
161
2600
229
1159
327
193
1364
137
169
188
1363
2159
3518
1802
5019
3127
8310
7054
2609
1134
5491
5458
3831
693
1350
3164
10915
2596
467
3149
8396
6037
37158
38432
183
179
4326
2205
3207
2603
7893
705
5100
3172
3183
1720
2237
2597
3550
367
10885
6101
189
3208
5419
859
1780
3010
38981
1353
2995
32920
10886
1785
8313
3209
2607
4695
3009
38836
322
1356
3428
390
1020
10946
38976
474
584
36419
35
2595
5372
3233
3316
955
26626
673
1569
3219
7139
1771
24148
1457
7319
8500
112
3629
10711
25336
46414
2238
3241
9954
22
30
1676
3625
10431
3100
89
3715
7522
19362
21595
880
3013
9649
10910
1673
3154
3228
4943
8602
10457
2086
5523
8820
36280
128
1343
2137
4944
7356
24435
47881
174
691
1813
10881
203
848
1386
3175
514
2598
2602
3242
7443
488
1365
3186
18500
2565
5466
10459
36276
95
1866
2945
3148
564
2236
3190
3818
8292
8378
26817
38587
205
898
1661
3012
3119
7320
30445
31938
51176
440
1859
2845
14691
20131
21218
27663
35315
138
1022
1768
2188
9681
9990
10219
12567
36329
5567
9142
12974
26
159
3194
3220
5889
14471
31194
335
2062
3213
5581
35153
111
181
434
1282
3412
4945
6285
10170
10975
18615
18836
2210
3533
7851
7863
10806
23582
27835
679
2925
3014
20309
31419
12
846
1821
3334
5746
7312
8491
9933
10335
19688
30332
30515
400
6888
18621
18696
115
439
2594
2833
3678
6033
6416
7237
7239
8387
14326
27122
29398
274
472
1063
1379
1796
1812
3167
3532
3796
6018
7444
7850
8640
27108
72
1068
1416
2468
3006
8858
10358
15517
15825
27968
29373
42441
496
1367
1445
1508
1772
1865
4214
5223
10158
14748
18693
21123
22223
27246
117
312
341
682
707
1281
1455
1816
1905
2173
2809
3510
3537
7298
7596
10284
10851
15058
18607
24338
25387
25727
27707
795
801
996
3035
3177
3395
4227
4349
6124
8465
9723
10884
12497
19131
25317
26482
29779
32175
34571
36236
1674
1686
1757
2058
2181
2816
3189
3405
3568
3614
7303
7524
8342
8361
8647
10012
10700
10837
16545
26509
27078
29875
42684
480
855
1021
1567
2087
2599
4949
5897
7449
7543
7896
8363
8381
8399
12545
18701
26489
29394
33546
38347
40744
113
449
1041
1800
2467
2851
3156
3192
3245
3628
3729
4225
4239
4244
4859
5021
5455
7198
7216
7269
7615
7899
8150
8276
8908
8910
9647
11210
13250
18654
24152
25538
27257
27747
35364
35789
36252
44638
49419
105
489
536
566
776
805
1410
1716
1924
2929
3037
3135
3152
3415
3433
6238
7619
8308
8385
8394
8989
9576
12694
13830
15776
16255
17570
18675
19354
20790
22229
22285
25840
27671
27723
36159
44869
47327
300
337
461
571
588
597
1683
1863
2042
2072
2132
2479
2849
2989
3443
3698
4148
6017
6227
6332
6816
7175
7892
8766
8894
10186
10927
17549
18876
20505
22287
25463
28053
29363
30023
40256
41477
44639
48570
49011
50668
46
235
268
328
332
355
582
771
888
983
1162
1302
1346
1351
1669
2172
2228
2269
3015
3204
5418
6060
6093
7168
7457
8393
8837
9927
9982
10388
10615
10742
10911
10929
11329
12921
14466
17030
21045
22394
25069
25429
25837
30383
30614
31486
32047
39109
44416
47090
47813
67
92
176
237
272
366
589
635
752
812
816
854
936
950
1521
1787
1806
2013
2472
2531
2532
2572
2608
2946
3074
3096
3319
4237
4768
5720
5852
6201
7238
7281
7323
7617
8135
8811
9692
10128
10171
10598
10655
10835
10880
11112
13171
13436
15553
18576
18725
20025
20521
22219
29118
44652
50458
79
120
162
263
330
365
420
424
622
724
733
767
807
830
889
922
1297
1400
1563
1587
1775
2101
2112
2123
2280
2476
2777
2937
3069
3229
3244
3548
3682
4110
4245
4454
4745
4790
5056
5590
6199
6495
6966
7049
7286
7484
7941
8373
8375
8388
8915
8952
9485
9964
10167
10484
10860
11532
11987
11996
12711
13583
14898
14960
14962
18659
18831
19261
20187
20844
22152
23465
24132
26500
26961
28081
29390
29393
29821
29826
29876
30613
32757
35535
40552
40935
42236
42444
44551
45400
24
59
184
297
481
491
558
675
696
738
779
800
875
967
1151
1155
1264
1306
1331
1362
1403
1666
1667
1685
1687
1801
1807
1825
1849
2243
2409
2768
2795
2966
3124
3237
4134
4191
4263
4746
4891
5574
6187
6273
6287
6863
7610
8201
8232
8605
8879
9488
9687
9735
9754
9944
10093
10109
10144
10153
11040
11958
12436
12960
13514
13536
13809
13816
14219
14228
14263
14302
14320
17035
17331
17646
18464
18596
18655
19865
20160
20994
22022
22478
24279
24953
24954
26636
27420
27501
28050
28693
29397
29416
29822
30674
32888
36239
36621
39206
41133
42413
44612
45546
47671
48184
49792
50237
101
163
310
450
478
533
556
591
672
773
951
1055
1061
1094
1095
1099
1161
1263
1421
1584
1809
1860
1939
2038
2105
2128
2264
2266
2605
2610
2790
2848
2967
3161
3205
3230
3384
3534
3684
3848
4129
4150
4322
4458
4558
4742
4876
5027
5639
5717
5958
6194
6196
7245
7426
7521
7618
7834
8470
8512
8631
8836
9442
9452
9487
9518
10383
10386
10482
10497
10511
10518
10523
10739
10749
10854
10912
11035
11159
11529
11812
11868
12819
13794
13819
13840
13877
13921
14144
14157
14573
15154
15186
15278
15569
15790
16311
17738
17963
18459
19013
19569
19702
19768
21442
21878
23228
24029
24174
24202
25054
25205
25206
25370
25374
25379
25570
25838
25973
27217
27234
27397
27550
27973
28005
29437
30088
30214
30326
31135
31878
31900
32174
33724
33915
34568
34653
35567
36242
36267
38832
39146
39843
40524
40536
42770
46480
49051
49407
49498
51
62
78
158
246
293
361
458
559
614
670
778
824
893
1051
1060
1074
1359
1389
1444
1485
1741
1769
1774
1836
1868
1876
2018
2026
2070
2073
2080
2093
2144
2166
2217
2241
2581
2834
3153
3185
3232
3546
3566
3594
3616
4117
4215
4240
4575
4585
4885
5066
5199
5208
5488
5753
5769
5850
5911
5919
6096
6192
6427
6491
7047
7276
7299
7309
7577
7895
7897
7968
8048
8060
8069
8236
8240
8289
8290
8362
8390
8638
9307
9699
9953
10020
10150
10365
10403
10437
10443
10477
10504
10524
10532
10654
10694
10702
10763
10959
11258
11316
11703
11790
12259
12446
12533
12583
12588
13101
13443
13499
13543
14472
14717
15369
16093
16847
17975
18168
18671
18685
18753
19627
19664
19675
20347
20365
20464
20544
21268
21506
21591
21596
22063
24098
24308
24345
24526
25070
25279
25482
25677
25865
25896
26151
27030
28212
28714
28793
28813
29389
29799
29834
29854
29883
30217
30223
30542
32048
32181
33599
34264
34920
35600
36129
36354
37213
38421
38500
38651
38769
38963
39951
40276
40585
40806
40931
42609
42736
43050
44317
44333
45605
45849
46419
47368
48006
48029
48512
48609
49855
49857
50329
50721
50892
1
15
27
69
91
136
228
257
269
283
291
320
346
401
462
464
540
565
569
599
606
617
618
683
702
709
757
766
803
814
828
930
1059
1082
1086
1092
1131
1227
1247
1256
1314
1326
1380
1398
1418
1520
1570
1697
1700
1710
1742
1811
1834
1938
2020
2092
2143
2160
2169
2179
2523
2793
2828
2841
2900
2935
2947
3002
3008
3214
3227
3243
3285
3320
3365
3426
3523
3617
3632
3657
3688
3706
3875
3876
3928
4002
4108
4197
4402
4560
4589
4616
4678
4721
4860
5012
5016
5017
5204
5231
5511
5512
5774
5827
5829
5949
5990
5997
6007
6016
6075
6086
6186
6197
6268
6283
6317
6342
6821
7072
7166
7295
7439
7441
7528
7561
7700
7701
7810
7915
7924
8010
8042
8082
8182
8211
8249
8311
8316
8364
8397
8562
8577
8584
8617
8650
8787
9169
9219
9440
9662
9695
9940
9977
9993
10008
10154
10157
10313
10318
10436
10441
10495
10561
10635
10681
10689
10715
10718
10738
10744
10777
10830
10920
10935
10945
11125
11186
11190
11218
11352
11414
11418
11446
11602
11664
11785
11793
11802
12160
12167
12187
12546
12806
12810
12918
13069
13087
13545
13587
13625
13629
14312
14448
14454
14570
14602
14626
14658
14708
14784
14815
14864
14953
15019
15116
15138
15237
15323
15417
15672
16019
16130
17021
17055
17363
17378
17661
17935
17973
18182
18497
18608
18618
18640
19045
19341
19641
19665
19678
19854
19973
20048
20051
20102
20126
20197
20381
20527
20839
20968
21034
21044
21084
21643
21677
21698
21810
21877
21896
21985
22238
22356
22388
23338
23364
23485
23821
23830
23883
24017
24085
24089
24246
24328
24454
24640
24955
25233
25275
25353
25378
25457
25678
25681
25850
25911
25930
26000
26003
26383
26387
26397
26445
26481
26502
26544
27418
27458
27706
27749
27816
27989
28160
28708
29081
29135
29222
29291
29326
29402
29524
29807
29921
30116
30186
30611
30617
30677
31171
31713
31867
31933
32133
32786
32893
33602
33918
34425
34598
34663
34771
34789
35361
35409
35549
35579
35595
36175
36179
36269
36302
36357
36364
36542
36677
36802
36844
36873
37144
37318
37371
38511
38537
38545
38751
39009
39671
39737
39775
39870
40023
40212
40213
41489
41522
41660
41664
41689
42275
42703
44322
44540
44552
44629
45308
45663
46964
47182
47347
47350
47440
47453
47485
47535
47546
47668
47707
48055
48306
48670
49036
49044
49504
49577
49853
49996
50129
50395
50714
50787
51236
51383
16
37
43
53
68
75
84
110
135
219
221
222
259
305
313
317
319
360
418
454
465
482
484
485
510
576
580
600
602
638
640
677
685
713
770
781
787
791
882
897
913
915
928
948
954
958
971
979
1009
1013
1038
1039
1049
1067
1118
1124
1138
1141
1145
1175
1216
1229
1270
1271
1307
1366
1392
1513
1564
1566
1703
1711
1712
1724
1804
1840
1844
1899
1922
1942
2010
2016
2019
2075
2083
2113
2157
2189
2222
2229
2233
2245
2256
2541
2554
2566
2568
2587
2721
2767
2806
2839
2852
2899
2926
2974
2987
3041
3052
3058
3159
3163
3174
3176
3178
3184
3191
3197
3239
3249
3254
3369
3389
3391
3409
3452
3503
3544
3578
3661
3671
3727
3836
3847
3856
3872
3941
3998
4115
4124
4126
4130
4157
4208
4220
4241
4248
4249
4298
4302
4304
4310
4332
4403
4451
4460
4525
4528
4545
4563
4579
4595
4598
4603
4622
4664
4786
4836
4880
4901
4906
4907
4913
4940
4946
4966
5029
5055
5085
5120
5188
5192
5219
5234
5239
5468
5566
5571
5723
5763
5784
5814
5836
5974
6019
6061
6122
6165
6172
6176
6178
6200
6208
6217
6225
6289
6305
6308
6316
6339
6360
6626
6785
6992
7324
7342
7478
7501
7502
7515
7517
7591
7613
7684
7695
7755
7757
7774
7783
7816
7825
7830
7856
7900
8005
8050
8064
8068
8079
8298
8329
8451
8495
8510
8582
8591
8613
8621
8625
8639
8642
8663
8956
9251
9309
9364
9418
9449
9486
9566
9670
9674
9677
9682
9700
9725
9742
9755
9931
9959
9966
9987
10007
10050
10058
10110
10282
10391
10425
10432
10456
10478
10491
10505
10536
10565
10623
10640
10674
10709
10717
10799
10824
10870
10889
10907
10908
10924
10940
10943
10949
11005
11010
11014
11046
11101
11197
11224
11231
11283
11309
11367
11425
11498
11537
11599
11691
11742
11781
11807
11903
11975
12058
12196
12258
12270
12409
12429
12551
12630
12654
12690
12809
12886
12891
12931
12965
13083
13247
13278
13371
13377
13415
13478
13497
13498
13518
13585
13631
13645
13657
13782
13803
13817
13862
13866
13888
14119
14163
14239
14272
14276
14282
14298
14349
14440
14478
14486
14579
14588
14721
14812
14820
14856
14871
14894
14895
14920
14939
14970
15052
15056
15072
15214
15233
15282
15305
15374
15438
15456
15465
15484
15519
15551
15665
15699
15821
15837
16039
16051
16055
16063
16082
16158
16185
16219
16543
16733
16830
16840
17034
17039
17093
17261
17381
17576
17609
17611
17698
17726
17748
17779
17787
17989
18421
18523
18592
18594
18609
18619
18744
18748
18751
18770
18820
18826
18854
18869
18880
18893
19041
19157
19240
19300
19304
19653
19655
19699
19817
20010
20017
20136
20366
20369
20375
20392
20446
20487
20517
20520
20526
20720
20838
20865
20890
20910
20960
20964
21008
21068
21115
21267
21275
21534
21540
21675
21845
21872
21895
21910
21981
21990
22017
22027
22065
22222
22375
22399
22490
22835
22949
23369
23392
23408
23475
23645
23769
24024
24112
24186
24205
24250
24402
24463
24475
24477
24553
24668
24689
24722
24951
25306
25318
25327
25328
25385
25439
25460
25473
25501
25564
25566
25576
25587
25591
25655
25661
25687
25718
25752
25760
25806
25826
25908
25922
26022
26028
26094
26166
26169
26334
26349
26373
26421
26490
26531
26532
26739
27009
27119
27148
27195
27215
27388
27394
27403
27422
27465
27543
27574
27726
27792
27809
27822
27960
27998
28060
28091
28132
28139
28230
28787
28927
28931
29080
29114
29172
29218
29220
29246
29270
29383
29391
29445
29495
29519
29525
29853
29879
29880
29893
29898
30021
30083
30177
30299
30336
30379
30432
30482
30655
30658
30844
30850
31092
31142
31162
31191
31233
31433
31449
31481
31528
31824
31906
31982
32506
32784
32887
33938
33994
34095
34125
34177
34192
34266
34278
34297
34309
34331
34364
34420
34434
34453
34577
34666
34770
34780
34934
34941
35106
35379
35393
35405
35427
35449
35505
35528
35602
35643
35656
36156
36172
36181
36197
36200
36208
36237
36297
36342
36344
36371
36424
36478
36498
36536
36864
36880
36909
37061
37103
37118
37199
37219
37264
37346
37350
37355
37394
37428
37454
37467
37498
37560
37571
37575
37595
37625
38266
38300
38314
38416
38435
38572
38577
38582
38621
38700
38764
38839
38977
38985
39053
39081
39153
39159
39383
39417
39761
39773
39961
40040
40048
40095
40170
40304
40309
40326
40461
40480
40525
40575
40629
40646
40671
40737
40739
40808
40855
40936
40989
40995
41033
41106
41108
41154
41271
41375
41496
41577
41597
41605
41811
42098
42183
42624
42747
42808
42843
44320
44410
44518
44633
44841
45180
45231
45399
45506
45951
46464
46580
46738
46752
46757
46760
46895
47009
47151
47196
47323
47333
47479
47507
47594
47625
47931
47999
48097
48110
48183
48200
48220
48230
48459
48690
48694
48908
48941
48969
49067
49072
49283
49393
49408
49423
49458
49552
49583
49617
49861
49921
49940
50030
50052
50091
50111
50121
50365
50410
50437
50460
50469
50512
50525
50554
50555
50565
50620
50705
50710
50747
50858
50946
50959
50993
51104
51157
51181
51212
51316
51331
51593
51599
51601
51626
51627
51720
51734
51767
63
170
248
301
368
419
422
444
455
473
475
492
504
511
517
539
541
552
562
568
573
574
593
595
603
652
695
718
720
730
736
743
760
764
768
772
804
820
838
844
845
864
870
881
887
900
906
916
925
926
932
946
957
985
1018
1044
1056
1058
1073
1075
1080
1090
1128
1130
1146
1148
1157
1176
1196
1232
1233
1283
1291
1312
1344
1348
1361
1368
1382
1384
1407
1411
1446
1451
1460
1491
1583
1588
1592
1671
1698
1708
1766
1778
1779
1793
1818
1831
1846
1855
1901
1906
1937
1956
1983
1986
2005
2023
2047
2060
2089
2090
2098
2114
2124
2125
2141
2170
2175
2212
2255
2267
2272
2311
2344
2388
2404
2469
2480
2528
2547
2556
2601
2617
2776
2856
2873
2931
2933
2954
2973
2976
2984
3007
3011
3031
3044
3061
3075
3094
3115
3125
3141
3144
3155
3158
3160
3171
3193
3198
3234
3236
3264
3268
3277
3294
3336
3345
3355
3358
3360
3364
3371
3416
3420
3435
3445
3460
3493
3495
3497
3506
3516
3517
3535
3555
3559
3571
3613
3630
3656
3673
3683
3695
3708
3834
3842
3910
3917
3933
3937
3963
4051
4142
4144
4154
4166
4193
4199
4209
4233
4243
4251
4253
4255
4294
4305
4327
4351
4357
4391
4399
4407
4412
4437
4444
4446
4476
4479
4483
4491
4493
4505
4538
4557
4602
4611
4613
4652
4717
4724
4739
4779
4800
4820
4821
4833
4877
4882
4896
4902
4910
4963
5025
5104
5105
5119
5132
5146
5159
5168
5214
5266
5357
5365
5454
5476
5519
5520
5568
5594
5748
5760
5794
5835
5867
5947
5950
5962
5970
5991
6009
6042
6047
6057
6063
6074
6084
6092
6108
6111
6116
6120
6139
6189
6195
6198
6214
6226
6240
6248
6265
6269
6270
6290
6325
6326
6328
6346
6371
6381
6399
6415
6452
6464
6496
6548
6636
6762
6794
6890
6928
6938
7012
7036
7169
7206
7292
7326
7452
7463
7473
7495
7505
7579
7584
7621
7681
7691
7715
7833
7874
7894
7903
7907
7917
7952
7964
7982
8003
8008
8033
8036
8058
8063
8076
8084
8085
8112
8165
8185
8215
8228
8233
8242
8252
8254
8260
8266
8299
8305
8323
8347
8379
8389
8391
8443
8453
8492
8523
8570
8615
8646
8652
8653
8677
8685
8696
8707
8711
8750
8767
8771
8793
8854
8906
8907
8917
8931
8954
8965
9015
9032
9042
9116
9127
9161
9197
9231
9266
9291
9386
9414
9432
9454
9478
9481
9489
9491
9499
9550
9565
9573
9583
9588
9599
9603
9611
9632
9639
9671
9684
9690
9713
9726
9808
9883
9907
9925
9943
9949
9951
9961
9963
9965
9970
9971
9972
9992
10009
10010
10035
10079
10089
10106
10178
10181
10297
10298
10319
10337
10354
10360
10361
10369
10374
10382
10400
10405
10407
10410
10448
10450
10460
10461
10468
10472
10486
10496
10516
10526
10553
10566
10570
10586
10587
10590
10631
10633
10642
10643
10662
10678
10693
10701
10722
10723
10726
10729
10740
10775
10778
10783
10792
10800
10801
10803
10808
10840
10872
10914
10936
10941
10957
10972
10976
11004
11008
11013
11017
11019
11065
11069
11120
11147
11157
11167
11248
11250
11271
11360
11402
11411
11447
11464
11476
11480
11500
11510
11512
11515
11519
11524
11578
11627
11629
11634
11641
11658
11659
11660
11694
11696
11699
11700
11708
11757
11760
11762
11775
11786
11858
11907
11908
11934
11937
12073
12075
12094
12109
12152
12202
12386
12427
12455
12485
12506
12523
12550
12566
12570
12575
12614
12699
12701
12715
12722
12813
12825
12828
12836
12882
12909
12922
12990
13011
13041
13058
13060
13086
13237
13245
13290
13369
13455
13463
13520
13601
13647
13675
13740
13801
13806
13820
13845
13871
13889
13891
13920
13977
14095
14116
14181
14217
14223
14237
14238
14254
14260
14304
14310
14316
14332
14367
14425
14453
14455
14507
14530
14584
14631
14692
14727
14796
14842
14850
14935
14951
15023
15040
15073
15106
15108
15170
15172
15175
15343
15404
15445
15488
15489
15503
15537
15548
15556
15557
15638
15718
15732
15749
15754
15786
15789
15807
15808
15973
15975
15979
15982
16003
16155
16177
16178
16246
16256
16269
16307
16400
16560
16561
16596
16599
16678
16683
16788
16821
16836
16838
16903
16959
16960
17037
17102
17115
17180
17188
17234
17266
17273
17291
17293
17351
17365
17393
17397
17412
17457
17529
17569
17571
17572
17617
17632
17654
17703
17707
17740
17742
17759
17766
17777
17898
17953
18073
18120
18224
18245
18266
18273
18385
18456
18460
18471
18473
18479
18505
18525
18544
18566
18602
18603
18616
18632
18669
18679
18687
18692
18707
18715
18745
18801
18859
18863
18897
18907
18913
18928
18932
18944
18948
18965
18967
19111
19121
19130
19138
19189
19207
19210
19215
19216
19229
19243
19246
19263
19553
19563
19572
19585
19590
19606
19608
19612
19632
19685
19689
19691
19694
19703
19718
19778
19812
19825
19841
19852
19856
19858
19864
19866
19914
19965
19966
19969
20004
20045
20046
20088
20097
20129
20147
20211
20221
20254
20293
20332
20360
20361
20378
20379
20390
20394
20421
20430
20439
20461
20495
20497
20500
20535
20659
20668
20679
20717
20742
20787
20788
20840
20853
20875
20898
20923
20942
20944
20972
21004
21013
21029
21048
21073
21099
21121
21220
21273
21279
21422
21423
21479
21501
21617
21631
21635
21663
21669
21673
21678
21686
21742
21747
21753
21754
21760
21785
21849
21851
21866
21891
21892
21956
22006
22055
22080
22140
22147
22198
22211
22212
22221
22252
22254
22267
22347
22354
22387
22438
22455
22863
22894
23039
23197
23244
23335
23340
23373
23396
23503
23511
23513
23525
23537
23555
23612
23663
23797
23812
23819
23863
24038
24042
24101
24131
24223
24242
24252
24272
24300
24385
24393
24432
24434
24476
24516
24580
24592
24598
24641
24649
24990
25073
25089
25225
25249
25251
25285
25354
25373
25433
25444
25471
25484
25495
25517
25549
25563
25683
25688
25693
25706
25709
25742
25743
25753
25759
25785
25789
25797
25813
25904
26024
26029
26061
26156
26199
26201
26354
26399
26441
26498
26506
26548
26615
26624
26644
26683
26719
26726
26800
26808
26843
26895
26934
26943
26949
26957
26963
27016
27048
27175
27188
27216
27241
27322
27342
27354
27366
27404
27429
27442
27542
27545
27557
27602
27668
27670
27674
27678
27695
27800
27829
27834
27859
27875
27924
27928
27951
27962
27987
28024
28146
28165
28213
28266
28281
28531
28675
28691
28692
28704
28742
28801
29116
29195
29247
29266
29292
29318
29323
29328
29329
29341
29354
29356
29379
29382
29385
29431
29485
29591
29621
29650
29686
29805
29808
29814
29815
29889
29910
29938
29991
30029
30056
30075
30078
30133
30184
30211
30242
30291
30371
30441
30453
30471
30553
30585
30590
30622
30638
30663
30672
30692
30721
30732
30781
30838
30958
30965
30969
30973
31013
31016
31113
31224
31341
31380
31398
31415
31496
31508
31517
31538
31585
31628
31721
31724
31771
31791
31830
31859
31868
31882
32000
32087
32097
32115
32139
32178
32217
32246
32248
32249
32271
32277
32345
32416
32516
32617
32756
32787
33336
33542
33669
33694
33701
33739
33747
33778
33827
33853
33856
33879
34122
34138
34147
34148
34190
34249
34253
34284
34340
34417
34450
34610
34637
34756
34840
34880
34895
34925
35143
35152
35175
35346
35490
35531
35532
35558
35570
35580
35611
35756
35816
36074
36130
36168
36182
36232
36313
36321
36331
36382
36456
36555
36693
36699
36906
36928
36996
36997
37042
37059
37074
37175
37202
37226
37284
37296
37433
37438
37443
37471
37486
38225
38310
38525
38584
38593
38625
38644
38673
38680
38773
38833
38875
38926
38966
38975
39027
39054
39104
39119
39136
39150
39232
39249
39356
39391
39592
39674
39687
39688
39827
39840
39844
39936
39969
40025
40026
40050
40167
40249
40314
40532
40583
40642
40665
40701
40716
40723
40724
40725
40732
40925
40949
40985
41057
41074
41109
41127
41152
41337
41518
41524
41685
41715
41722
41771
41792
41817
42066
42103
42305
42486
42780
42810
42936
43224
43225
43265
43736
43756
44178
44313
44411
44457
44538
44582
44604
44682
44752
44794
45095
45143
45328
45673
45785
45928
45944
46023
46384
46615
46680
46743
47011
47042
47558
47565
47720
48373
48456
48637
48657
48776
48945
48964
49068
49588
49725
49786
49877
50528
50573
50590
50683
51342
51567
51808
over
