2	3	10	162 1253    12559	16022	729021	7974986	11416247	23124464
6.749	6.749	6.746   6.74    6.713	6.66	6.617	6.587	6.553	6.287	5.837

12553	20789	
162	1253
6.74	6.713


Initial data:
0	1	2	3	4	5	6	7	8	9	10	11
27206	139	2448	17534	27726	1661	193	60	857	7899	1196	752
2	3	2	12559	10	729021	7974986	1141624716022	25618	58381	160993
6.749	6.749	6.749	6.66	6.746	6.587	6.553	6.287	6.617	6.733	6.667	6.704 , 5.837

0	1	2	3	4	5	6	7	8	9
27206	139	2448	17534	27726	1661	193	60	857	100
2	3	2	12559	10	729021	7974986	11416247	16022	23124464
6.749	6.749	6.749	6.66	6.746	6.587	6.553	6.287	6.617	5.837



Final:
	60				1661	393	857	27726
1	2	3	4	6	10	40	393	3370	21565	51895
5.837	6.038	6.287	6.308	6.483	6.584	6.587	6.601	6.657	6.746	6.749

\begin{figure}
	\centering
	\includegraphics[width=3.5in]{incremental.png}
	\caption{convergence delay under incremental SDN deployment using different algorithms }
	\label{process}
\end{figure}