100 1265354
1353 769589
3279 302720
3532 162424
48184 151326
156 134204
24174 122093
44416 104988
72 101731
37202 86417
18964 82628
20059 72138
27747 65831
9954 62205
967 60033
19131 59909
13179 59738
20347 55337
203 55067
6018 54668
44552 54369
13848 52560
40023 48798
31508 48011
327 47554
96 46429
24338 45768
25718 45636
27723 45409
11524 43718
492 42660
18965 41304
40701 39957
346 36531
4 36278
36252 36030
40552 32790
60 32331
137 32106
24435 30649
6017 30638
12722 30351
44320 29860
40583 27644
42486 26916
1862 26837
30299 26498
34934 26274
35315 26244
27550 25507
1418 25309
50684 25235
27746 25121
39870 24615
34571 23660
50528 23413
49588 23104
35175 22519
34663 22247
28793 22205
34895 22109
3698 21280
12575 20894
42275 20707
51342 20692
15186 20416
36208 19996
49498 19085
9940 18160
30023 17978
36182 17763
30453 17622
11309 17569
40026 17489
25973 17435
16019 17375
38463 16449
48776 16164
7684 15714
193 15636
36179 15565
25317 15285
12073 14473
48006 14403
39206 14376
15638 14371
41689 14215
16003 14126
41715 14102
41152 14099
73 13851
3518 13579
42703 13452
14163 13358
183 13350
1566 13338
3371 13265
19856 13177
21029 13054
34190 13002
32888 12643
18869 12576
13816 12281
4234 12039
11329 12004
24152 11931
23582 11287
46743 11109
1389 11077
36331 10908
50892 10887
18967 10707
36130 10551
3517 10503
31517 10336
1446 9998
1569 9982
11446 9560
31398 9374
26683 9300
34309 9133
30622 9060
11498 9015
1364 8951
30088 8923
9726 8883
22 8697
14812 8678
29081 8658
24580 8631
8858 8576
19852 8562
26949 8534
30969 8477
16256 8303
41771 8165
14951 8083
23663 8017
38347 7760
31412 7739
16093 7724
25318 7662
27501 7414
2090 7395
2159 7329
5100 7328
21501 7226
39054 6967
138 6871
20875 6712
1386 6533
1521 6481
1366 6417
19718 6410
1806 6193
36621 6022
29 5779
4695 5623
27418 5584
161 5567
13629 5557
25677 5555
50787 5526
2468 5455
46680 5300
13877 5267
24516 5224
40480 5196
15975 5189
30973 5149
5720 5085
14425 5036
27420 5009
40249 4997
341 4981
19294 4910
28165 4906
30079 4885
41722 4885
1365 4871
25678 4863
25354 4803
36181 4760
25439 4737
27707 4717
11812 4650
24250 4552
28005 4302
11696 4257
4964 4206
30672 4165
2238 4160
35558 4063
31419 3905
38981 3882
1802 3855
41753 3806
25709 3757
2600 3718
25908 3680
229 3637
44794 3632
44638 3602
1159 3563
20102 3534
34250 3503
20051 3429
27722 3397
34450 3397
675 3318
37264 3298
3848 3230
23396 3110
69 3087
37284 3009
51808 2999
49877 2982
390 2959
5027 2929
5491 2897
5019 2892
11692 2763
1363 2696
21851 2692
314 2658
30445 2649
19013 2504
2005 2495
19778 2482
19825 2482
15705 2445
4589 2433
25517 2393
30133 2353
25495 2336
39671 2331
18864 2232
11858 2205
21273 2199
25687 2182
25743 2180
25753 2180
50460 2178
4724 2162
21895 2162
4717 2161
693 2099
30116 2082
5074 2072
3537 2058
324 2045
1905 2041
18826 1993
25306 1988
44582 1953
28213 1934
1768 1927
1134 1899
5030 1888
3127 1880
3395 1874
4263 1833
8396 1804
367 1795
30211 1740
44869 1682
7054 1654
12694 1647
467 1635
4225 1626
1721 1588
189 1580
3533 1559
3334 1513
31538 1495
996 1479
8310 1468
5748 1420
7596 1396
27829 1396
30 1394
10459 1387
36155 1381
89 1364
2596 1331
3149 1329
4943 1301
35 1284
14530 1249
15058 1236
4326 1230
31449 1229
322 1225
10158 1224
91 1217
1938 1213
1350 1206
40314 1205
128 1172
14691 1164
10885 1135
10171 1132
1785 1127
20046 1114
49861 1102
2581 1101
34745 1078
9931 1068
3316 1057
11958 1048
31194 1042
18596 1026
34138 995
179 985
2062 984
22438 975
2479 960
205 957
2609 952
6101 949
3164 941
4349 936
3699 929
25922 924
7239 915
337 909
1307 907
32920 907
17030 904
3415 880
7522 856
2603 852
2092 847
5419 840
4768 831
3207 827
1865 826
3831 826
21218 822
2597 817
3412 811
4790 805
2845 793
26 790
27556 779
705 776
188 764
1899 759
859 757
44411 744
426 743
10511 731
449 725
1812 724
10881 724
15821 724
1939 719
37296 718
15699 716
8820 711
10484 705
2101 702
27663 697
3208 693
12701 691
2058 682
40725 682
549 673
2236 668
2607 666
4739 664
3009 658
8510 657
19694 657
6037 650
1800 645
3209 644
1866 636
2132 635
27835 632
27671 628
12690 626
16255 624
7893 622
7139 620
3183 619
622 616
7319 614
10915 613
12583 601
5746 598
1343 597
9649 597
9664 596
26626 593
474 592
9933 592
12566 591
34840 588
3172 587
10170 583
4742 580
955 576
1780 571
2572 570
29779 570
18831 569
36172 564
17963 560
1772 558
3550 558
7312 557
17331 555
17646 555
18836 553
1020 552
9990 551
3715 547
514 544
23338 544
2595 539
5066 536
19362 533
10886 528
7443 523
49011 520
13171 518
8313 517
169 515
1787 513
1455 512
10655 511
1676 509
5458 503
42810 502
8378 500
10504 499
23830 498
3405 497
691 492
673 491
1669 487
4745 486
2995 484
1813 477
2137 476
614 474
16041 473
12545 472
22152 470
10860 469
172 468
26817 468
3154 464
8 456
7941 456
3443 451
2767 444
46414 442
2181 438
11218 438
25220 438
3233 437
10518 437
10497 436
14144 435
20790 434
44612 433
4603 431
488 429
1816 428
584 423
2809 423
733 422
40256 420
3219 419
7286 419
27122 417
10975 414
7298 413
12533 412
564 410
1661 409
2239 408
36267 408
40167 407
20375 405
42441 405
1351 404
679 402
42609 402
4302 400
15786 400
5466 396
6273 393
6888 392
29416 392
5581 390
3629 388
10436 387
6238 385
8602 384
1264 380
10615 380
3856 379
18500 379
1942 378
4002 378
29373 377
13250 375
40642 374
13436 372
29854 371
4215 369
29222 368
1674 367
10335 367
13499 365
10153 364
18655 363
18854 362
19304 362
13657 358
17703 357
2851 356
898 355
1356 355
19768 355
18615 351
21956 351
848 349
6416 348
4110 343
8491 343
9723 342
15569 340
30223 340
27246 339
1367 338
3010 338
21878 337
4124 336
10432 336
12523 336
2833 335
480 333
36242 331
12546 327
13377 326
29898 326
2023 325
3119 325
3678 324
16545 323
7320 322
434 321
10477 320
35153 320
1807 317
18753 317
25387 317
120 316
2188 316
5021 316
8289 316
11634 316
16840 316
9142 314
1986 313
14748 313
35409 313
11112 312
682 311
1281 311
7615 311
830 310
10358 308
7444 307
3213 306
1859 305
3242 305
27030 305
3190 304
18725 304
20160 304
31982 304
17055 303
971 302
41154 302
2123 301
3100 301
8811 301
24148 301
2264 300
5488 299
32175 299
18544 298
27968 298
10711 295
4240 293
1774 291
10391 291
18659 291
2816 290
21084 290
8361 289
3013 287
1821 286
4115 286
4945 286
2143 285
12806 285
1876 284
10946 284
1683 283
1849 282
29875 280
28 279
19864 279
713 278
10386 278
7524 277
3012 275
3729 275
4437 273
12160 273
8381 272
34125 272
1710 271
14472 271
5204 270
10806 270
44639 270
7810 268
472 267
29921 267
35396 267
3175 266
10910 265
30515 263
424 262
1796 261
10219 259
27674 259
38432 258
22223 257
10186 256
11283 255
13443 255
21810 255
2210 254
330 253
2019 253
7323 253
10012 253
12886 253
25070 253
14326 251
8342 250
20844 250
1410 249
2086 249
3510 248
21595 247
39146 247
489 246
3014 246
7441 246
20505 246
880 245
25727 245
7356 243
8201 243
801 242
2594 242
49980 242
2925 240
3186 240
15776 240
400 239
1022 239
9708 239
2945 238
4129 236
4166 236
7863 236
13060 236
20679 236
21279 236
32506 236
33694 236
2112 235
6201 235
14871 234
27204 234
28691 234
14962 232
27147 232
33879 232
1282 231
3294 231
6342 231
9386 231
33701 231
12109 230
28704 230
30342 230
3963 229
11937 229
24432 229
27749 228
1331 227
7210 227
7899 227
10144 227
21442 227
8387 226
25370 225
2157 224
3568 224
4944 224
450 223
2929 223
3409 223
1686 222
17738 222
855 221
20960 221
2042 220
8005 220
8363 220
16178 220
20365 220
39951 220
157 219
33336 219
1297 218
3241 218
4876 218
10020 218
12455 217
22894 217
771 216
7850 216
7914 216
20430 216
41551 216
1508 215
10284 215
1924 212
2160 212
2602 211
7439 211
12836 211
5574 210
9518 210
21045 210
30721 210
35789 210
889 209
5266 209
14658 209
18608 209
20521 209
3683 208
6016 207
10700 207
20717 207
1666 206
1742 206
8465 205
8766 205
9695 205
4779 204
35295 204
37158 204
38716 204
4891 203
8500 203
16959 203
22226 203
29398 203
9944 202
13520 202
6124 201
38416 201
2217 200
4451 200
5717 200
7303 200
7426 200
26385 200
26739 200
4316 199
15665 198
10553 197
180 196
15278 196
30214 196
47368 196
1379 195
8640 195
22949 195
24017 195
26003 195
30373 195
45605 195
328 194
3006 194
4666 194
18609 194
50590 194
325 193
2179 193
8837 193
4681 192
10935 192
27726 192
30482 192
25837 191
2566 190
29394 190
30655 190
440 189
12550 189
15023 189
19675 189
1074 188
7543 188
8952 188
9481 188
40617 188
1302 187
3194 187
4134 187
10912 187
481 186
3797 186
3876 186
5523 186
29390 186
33739 186
2241 185
7457 185
8150 185
9485 184
1041 183
2266 183
10486 183
5897 182
9576 182
9677 182
14898 182
38976 182
46097 182
1983 181
8033 181
10354 181
8908 180
8931 180
15503 180
16596 180
16788 180
17188 180
17412 180
2311 179
6227 179
6285 179
8236 179
11352 179
11532 179
18859 179
27695 179
35570 179
335 178
846 178
1716 178
2480 178
6821 178
7166 178
10840 178
16599 178
17549 178
26489 178
33747 178
7561 177
10851 177
17617 177
1058 176
2016 176
4241 176
10150 176
12570 176
16561 176
4298 175
7579 175
26482 175
29876 175
5911 174
14478 174
15973 174
17570 174
18618 174
26481 174
983 173
3152 173
27009 173
8443 172
12748 172
33938 172
1099 171
10927 171
12918 171
20853 171
24640 171
25327 171
27800 171
2409 170
3177 170
3617 170
8276 169
15233 168
40732 168
44752 168
7281 167
9478 167
3220 166
48969 166
3369 165
5852 165
6464 165
7700 165
10695 165
42684 165
44632 165
1956 164
635 163
3135 163
17037 163
29363 163
33542 163
34420 163
496 162
3205 162
4525 162
7049 162
10167 162
10448 162
12436 162
15718 162
25742 162
44322 162
48637 162
696 161
795 161
2269 161
17039 161
28693 161
10297 160
10412 160
12196 160
14263 160
1673 159
2768 159
7701 159
8605 159
13497 159
32516 159
8647 158
10580 158
25429 158
34177 158
6287 157
7449 157
129 156
6427 156
10884 156
37103 156
40615 156
2721 155
3834 155
42413 155
360 154
2228 154
2531 154
2601 154
15517 154
18594 154
20379 154
35532 154
44841 154
702 153
5568 153
8385 153
23769 153
26532 153
1836 152
3818 152
11258 152
22347 152
24308 152
812 151
2173 151
2598 151
12427 151
1403 150
2172 150
9488 150
16051 150
41337 150
1671 149
2102 149
29879 149
361 148
491 148
1703 148
3254 148
10929 148
14784 148
19699 148
41792 148
2608 147
4543 147
8003 147
11699 147
1685 146
1906 146
4949 146
5530 146
9116 146
9307 146
10361 146
15732 146
16055 146
25186 146
597 145
5753 145
10880 145
13866 145
25457 145
40170 145
48183 145
2233 144
4746 144
10654 144
15369 144
954 143
8308 143
30732 143
41133 143
3630 142
43265 142
2255 141
5774 141
317 140
7856 140
11903 140
16821 140
20025 140
21785 140
35346 140
3512 139
4322 139
5231 139
28215 139
1021 138
2404 138
3008 138
4154 138
6033 138
6225 138
7309 138
9754 138
27388 138
3523 137
13809 137
22022 137
36371 137
2604 136
4191 136
4214 136
4305 136
5997 136
11250 136
24402 136
30658 136
40309 136
2900 135
11125 135
17973 135
37179 135
3192 134
10623 134
10854 134
11987 134
24272 134
2047 133
3037 133
9588 133
10598 133
10742 133
15489 133
17397 133
29292 133
591 132
3497 132
11069 132
11907 132
3228 131
10740 131
16836 131
20129 131
24089 131
3614 130
10940 130
31859 130
48174 130
204 129
7245 129
10035 129
10374 129
10405 129
10450 129
10468 129
11040 129
15749 129
18621 129
28787 129
47022 129
50520 129
428 128
7276 128
14626 128
31233 128
38310 128
41811 128
484 127
3548 127
6096 127
6186 127
9169 127
25054 127
50437 127
709 126
4237 126
15557 126
16081 126
18607 126
34253 126
36909 126
45663 126
599 125
5454 125
10425 125
29519 125
31486 125
48945 125
4885 124
6495 124
1757 123
1818 123
2095 123
6317 123
9432 123
10749 123
14302 123
26000 123
1029 122
7198 122
8394 122
1229 121
4545 121
10635 121
10949 121
15553 121
23228 121
28024 121
35531 121
558 120
571 120
14157 120
28708 120
427 119
6332 119
7964 119
461 118
602 118
3684 118
10681 118
10870 118
35427 118
2849 117
3189 117
5639 117
21268 117
45400 117
49070 117
2038 116
4402 116
4902 116
6199 116
10578 116
15154 116
365 115
588 115
2472 115
3035 115
16307 115
22027 115
46464 115
49786 115
1711 114
2072 114
3096 114
4784 114
8292 114
8989 114
10298 114
13369 114
13631 114
21747 114
25806 114
766 113
7896 113
8650 113
10109 113
12261 113
22394 113
28146 113
43050 113
51767 113
4357 112
10443 112
10478 112
11629 112
17707 112
17766 112
18224 112
18669 112
20839 112
20865 112
38832 112
366 111
4860 111
9487 111
14953 111
22017 111
41057 111
46615 111
3682 110
3706 110
16733 110
18770 110
5850 109
18928 109
47090 109
779 108
803 108
2070 108
26490 108
4458 107
5056 107
8910 107
27962 107
31418 107
42780 107
4126 106
6283 106
24656 106
29323 106
30043 106
35405 106
39104 106
566 105
1162 105
3384 105
3426 105
22147 105
29393 105
40025 105
41660 105
4253 104
8068 104
10835 104
19041 104
32048 104
48200 104
87 103
420 103
12152 103
15672 103
21479 103
21673 103
478 102
787 102
3052 102
3799 102
7214 102
8560 102
10516 102
10572 102
13921 102
19210 102
44652 102
46419 102
1450 101
5223 101
5519 101
10403 101
11793 101
14960 101
18675 101
248 100
589 100
2795 100
8112 100
8561 100
11975 100
26624 100
40684 100
1124 99
1457 99
2989 99
3872 99
14573 99
21596 99
30471 99
36555 99
42103 99
1263 98
7216 98
8453 98
15323 98
39053 98
3148 97
6816 97
10723 97
11775 97
14602 97
16400 97
2020 96
2899 96
4859 96
7577 96
7619 96
7891 96
7892 96
11659 96
13083 96
13455 96
15138 96
19664 96
21760 96
36175 96
301 95
707 95
922 95
6399 95
8879 95
17748 95
20136 95
25460 95
25760 95
828 94
3365 94
8915 94
9725 94
10128 94
17381 94
752 93
2848 93
3546 93
4148 93
12187 93
14570 93
17021 93
18273 93
20464 93
21422 93
25570 93
33602 93
40744 93
3161 92
3777 92
7168 92
7521 92
12891 92
16012 92
25285 92
33915 92
268 91
617 91
2467 91
3433 91
3695 91
4585 91
5188 91
8388 91
10587 91
11934 91
18820 91
22478 91
29116 91
29686 91
854 90
1801 90
5085 90
6007 90
8079 90
816 89
1060 89
1868 89
2599 89
3239 89
7175 89
8894 89
19138 89
21034 89
26397 89
27834 89
31867 89
35505 89
44313 89
2073 88
2243 88
7292 88
8638 88
9414 88
10709 88
15488 88
16219 88
24042 88
3124 87
3159 87
3167 87
3875 87
4622 87
5958 87
8373 87
8642 87
11807 87
12975 87
21643 87
24641 87
29318 87
35143 87
556 86
738 86
1346 86
2967 86
6305 86
15172 86
15343 86
27 85
1667 85
6093 85
7299 85
7487 85
13820 85
14842 85
22080 85
29326 85
46403 85
1068 84
1828 84
1922 84
5949 84
19121 84
19263 84
21753 84
21866 84
22229 84
30029 84
41524 84
45308 84
48029 84
494 83
4558 83
15305 83
19553 83
21663 83
24242 83
26548 83
32757 83
40532 83
3452 82
6187 82
9364 82
9925 82
13871 82
18456 82
24649 82
35643 82
37042 82
45944 82
1855 81
4611 81
8591 81
9266 81
18693 81
19585 81
38836 81
39674 81
439 80
579 80
2946 80
3156 80
4150 80
6060 80
7591 80
7915 80
8323 80
11271 80
14272 80
18696 80
28053 80
30056 80
30850 80
31528 80
31900 80
32181 80
39417 80
540 79
1291 79
2013 79
2388 79
3074 79
4913 79
38593 79
50959 79
767 78
9671 78
10058 78
17935 78
44518 78
49853 78
158 77
888 77
2166 77
2169 77
2272 77
2610 77
2926 77
18654 77
21610 77
21872 77
23465 77
24137 77
25374 77
26151 77
31113 77
37433 77
37443 77
37453 77
805 76
2344 76
2790 76
6268 76
7505 76
17898 76
18744 76
26024 76
27366 76
29328 76
33546 76
38525 76
1860 75
2605 75
6042 75
8069 75
9599 75
10911 75
11602 75
11786 75
12965 75
13782 75
14796 75
24553 75
41522 75
950 74
1421 74
1811 74
5234 74
8375 74
8390 74
9611 74
10717 74
11664 74
14217 74
17611 74
20170 74
37438 74
46828 74
768 73
4428 73
4923 73
7834 73
9907 73
11889 73
20890 73
22863 73
29591 73
37028 73
41664 73
776 72
1388 72
4528 72
5372 72
6992 72
8182 72
9987 72
10718 72
10777 72
13461 72
18862 72
20016 72
24345 72
36456 72
2532 71
3015 71
3069 71
3245 71
5566 71
6196 71
10640 71
18497 71
21846 71
29389 71
1175 70
1697 70
3314 70
4117 70
4594 70
4910 70
5219 70
11418 70
16177 70
26028 70
26421 70
29883 70
31243 70
40995 70
8577 69
9966 69
23484 69
28081 69
38621 69
465 68
593 68
807 68
948 68
1712 68
3155 68
3196 68
4294 68
4613 68
7206 68
7237 68
10694 68
10702 68
14453 68
14895 68
19914 68
29135 68
36873 68
39027 68
458 67
6122 67
6890 67
7072 67
11700 67
15116 67
20544 67
21677 67
27016 67
30638 67
35579 67
44178 67
47999 67
425 66
536 66
670 66
1513 66
3230 66
5016 66
5784 66
5974 66
6165 66
7317 66
8266 66
9692 66
23645 66
26506 66
28927 66
36802 66
38963 66
39150 66
47196 66
49996 66
1741 65
2937 65
6966 65
10318 65
11384 65
11760 65
17661 65
26480 65
27486 65
34780 65
35611 65
38577 65
46806 65
170 64
800 64
3214 64
6176 64
10110 64
10738 64
13245 64
14312 64
19240 64
19261 64
21698 64
24029 64
26719 64
29524 64
34145 64
34880 64
40585 64
1306 63
2189 63
7295 63
7982 63
11017 63
11757 63
14237 63
16683 63
16847 63
18576 63
20390 63
24434 63
27602 63
31791 63
34653 63
38966 63
51157 63
1359 62
2966 62
3420 62
3628 62
5990 62
6928 62
7755 62
8663 62
10526 62
10936 62
13862 62
17378 62
20487 62
20520 62
26726 62
39070 62
368 61
3708 61
6863 61
8260 61
8896 61
9454 61
10755 61
11476 61
16862 61
18715 61
19189 61
24592 61
25789 61
33827 61
38977 61
533 60
757 60
930 60
3625 60
6316 60
7610 60
8362 60
10337 60
11248 60
11660 60
13093 60
15282 60
15551 60
23612 60
30242 60
638 59
951 59
4696 59
7830 59
8050 59
10945 59
18245 59
18679 59
32248 59
576 58
1061 58
1161 58
2806 58
6313 58
8512 58
12588 58
23511 58
24223 58
24385 58
32416 58
40935 58
40985 58
42770 58
3319 57
5012 57
6189 57
6491 57
10319 57
11035 57
11316 57
12446 57
17742 57
26090 57
26636 57
36239 57
45231 57
110 56
773 56
1086 56
1398 56
2933 56
3041 56
3229 56
6192 56
10495 56
11464 56
12699 56
13920 56
22063 56
22211 56
26943 56
49051 56
117 55
689 55
875 55
957 55
1348 55
1445 55
2226 55
3204 55
5055 55
10907 55
14721 55
19198 55
25563 55
48889 55
1059 54
1227 54
3237 54
3345 54
4907 54
5069 54
5455 54
5829 54
6172 54
6197 54
7269 54
8228 54
8240 54
8639 54
9583 54
13545 54
20369 54
23823 54
29354 54
34340 54
47328 54
677 53
824 53
1155 53
3836 53
5919 53
8232 53
9251 53
10763 53
11500 53
11868 53
13026 53
16063 53
19207 53
27987 53
30663 53
32097 53
34451 53
37350 53
40686 53
50200 53
827 52
893 52
1271 52
3503 52
4193 52
5146 52
6097 52
6200 52
6328 52
6361 52
6636 52
7565 52
7895 52
8399 52
9742 52
10800 52
15108 52
17363 52
18525 52
26349 52
26500 52
34666 52
38266 52
42098 52
47845 52
50237 52
50858 52
1009 51
1362 51
2523 51
5192 51
8290 51
9501 51
10715 51
21910 51
29880 51
30692 51
31721 51
39044 51
47707 51
541 50
640 50
1141 50
1588 50
3075 50
3336 50
8010 50
8570 50
9953 50
11627 50
17572 50
18471 50
18863 50
20293 50
21121 50
23197 50
25575 50
26061 50
27322 50
28139 50
30184 50
40050 50
46906 50
48110 50
892 49
1046 49
4575 49
7502 49
7917 49
8364 49
14507 49
14850 49
24187 49
27048 49
29397 49
34756 49
37498 49
1834 48
3578 48
3842 48
4208 48
4946 48
6090 48
6785 48
8917 48
10154 48
10799 48
11186 48
13825 48
16158 48
17351 48
18473 48
20309 48
20398 48
21013 48
21540 48
22356 48
23797 48
25251 48
30585 48
32174 48
41108 48
49921 48
462 47
3176 47
5760 47
5763 47
6371 47
7833 47
11510 47
13801 47
14486 47
15040 47
17195 47
24112 47
26354 47
27875 47
31016 47
34569 47
39153 47
45095 47
47042 47
47535 47
1075 46
2828 46
3998 46
4332 46
4602 46
5769 46
7717 46
7757 46
7774 46
8305 46
8389 46
8625 46
8685 46
8787 46
10783 46
12828 46
13421 46
14631 46
22399 46
24024 46
257 45
569 45
2962 45
3320 45
3495 45
4108 45
5827 45
7618 45
8042 45
8070 45
8836 45
10803 45
10872 45
10941 45
13675 45
13840 45
21754 45
23819 45
32786 45
33918 45
40806 45
2113 44
2222 44
5132 44
5418 44
6308 44
7478 44
8055 44
8249 44
9437 44
10460 44
11147 44
11742 44
15404 44
19590 44
24205 44
27188 44
27998 44
29991 44
40536 44
41106 44
49396 44
219 43
1708 43
3058 43
3244 43
4403 43
4820 43
5962 43
6323 43
6346 43
8907 43
9015 43
9375 43
9496 43
10106 43
10957 43
11010 43
16960 43
18616 43
18619 43
24123 43
26957 43
29834 43
29938 43
31013 43
31868 43
37226 43
42936 43
46864 43
50747 43
1151 42
3141 42
3197 42
5867 42
8076 42
8242 42
8652 42
10984 42
13086 42
13478 42
17035 42
17234 42
19608 42
21099 42
21675 42
29485 42
31171 42
32133 42
34925 42
48964 42
294 41
724 41
1051 41
2124 41
3938 41
4399 41
6009 41
6325 41
8084 41
8495 41
9662 41
10785 41
11694 41
14455 41
17529 41
22455 41
24959 41
26502 41
29270 41
32345 41
32784 41
36166 41
36906 41
822 40
1146 40
2212 40
2587 40
3061 40
3671 40
5468 40
6139 40
7429 40
7473 40
7691 40
8185 40
8251 40
9927 40
10536 40
10674 40
10924 40
11005 40
12882 40
15979 40
18459 40
22065 40
25752 40
36280 40
39891 40
40989 40
50668 40
582 39
672 39
1056 39
1080 39
1128 39
1416 39
3080 39
6208 39
6214 39
8090 39
8311 39
10369 39
10837 39
25421 39
27354 39
30348 39
38587 39
559 38
1131 38
3187 38
3540 38
3544 38
4407 38
4454 38
6019 38
6108 38
6339 38
8393 38
9219 38
10678 38
12069 38
12167 38
12419 38
21008 38
21635 38
25433 38
28230 38
45143 38
2170 37
2931 37
3232 37
3358 37
5991 37
7238 37
7484 37
9964 37
10701 37
11046 37
11599 37
13632 37
13843 37
15073 37
17180 37
18479 37
20668 37
22140 37
23392 37
27859 37
28212 37
30186 37
35816 37
37199 37
40936 37
355 36
511 36
814 36
900 36
1073 36
1270 36
1563 36
1777 36
2793 36
3153 36
3928 36
4144 36
4304 36
4310 36
4446 36
4743 36
5889 36
6290 36
7169 36
9565 36
12485 36
12990 36
13644 36
13891 36
19354 36
19817 36
20535 36
27217 36
28091 36
29853 36
33724 36
36693 36
37074 36
40048 36
41109 36
41127 36
42624 36
42739 36
45849 36
510 35
1065 35
1380 35
1847 35
2280 35
2777 35
2991 35
3253 35
3796 35
4051 35
4130 35
4444 35
4493 35
6450 35
6482 35
8633 35
10693 35
11764 35
13041 35
13854 35
15537 35
18671 35
21686 35
27241 35
27377 35
33778 35
906 34
1039 34
1770 34
1840 34
2852 34
3002 34
7874 34
11190 34
18266 34
21877 34
22222 34
29495 34
33726 34
34185 34
37467 34
47931 34
48373 34
464 33
1174 33
2083 33
2976 33
4833 33
4915 33
5511 33
6265 33
8523 33
8613 33
10313 33
13651 33
14223 33
14692 33
15106 33
18602 33
20968 33
21074 33
21631 33
30594 33
31092 33
32271 33
34060 33
319 32
475 32
539 32
1055 32
1118 32
2144 32
2554 32
3360 32
5064 32
6074 32
7326 32
8347 32
9449 32
9489 32
10792 32
10808 32
15556 32
16155 32
20254 32
22267 32
26530 32
26531 32
36025 32
36677 32
38572 32
38751 32
47558 32
936 31
958 31
2141 31
3031 31
3917 31
4327 31
4598 31
4800 31
5986 31
6092 31
6270 31
6326 31
6496 31
6579 31
7463 31
8621 31
9492 31
9982 31
18454 31
19246 31
20360 31
20421 31
20461 31
21669 31
21849 31
21990 31
23863 31
26169 31
27404 31
27429 31
32249 31
36297 31
41376 31
45328 31
37 30
482 30
1110 30
2004 30
2175 30
3493 30
3661 30
4199 30
6347 30
7517 30
8298 30
8338 30
8397 30
8711 30
9197 30
10631 30
10801 30
10920 30
11307 30
14298 30
14310 30
17106 30
17912 30
18640 30
21534 30
23883 30
28050 30
32087 30
35602 30
37371 30
38769 30
41685 30
515 29
1013 29
1095 29
1491 29
2841 29
3677 29
4142 29
4881 29
11267 29
13803 29
14584 29
22835 29
23513 29
23525 29
26022 29
29385 29
34116 29
791 28
915 28
1067 28
2528 28
3185 28
3268 28
4251 28
4476 28
4538 28
4877 28
5239 28
5836 28
6560 28
6938 28
7452 28
8329 28
8379 28
8956 28
11014 28
11310 28
11765 28
13977 28
14095 28
14276 28
15445 28
17291 28
21632 28
21678 28
24085 28
25444 28
27253 28
29291 28
29807 28
33669 28
34577 28
37219 28
38424 28
39136 28
51599 28
51601 28
454 27
946 27
3163 27
3174 27
5520 27
5950 27
6116 27
7274 27
8085 27
10007 27
12922 27
13058 27
13830 27
13889 27
14716 27
22164 27
25692 27
26843 27
29822 27
44903 27
595 26
1216 26
1564 26
1724 26
2839 26
2873 26
2935 26
3184 26
3364 26
6377 26
7621 26
8261 26
9446 26
11578 26
14727 26
15056 26
23821 26
30838 26
31415 26
32000 26
32139 26
32787 26
34147 26
34192 26
36200 26
41817 26
50030 26
50365 26
485 25
1283 25
1586 25
2125 25
2987 25
4896 25
5813 25
7825 25
7837 25
7938 25
8048 25
8127 25
8646 25
8833 25
9961 25
9970 25
10010 25
11210 25
11402 25
14319 25
15438 25
17266 25
18668 25
18748 25
21591 25
22238 25
23373 25
29379 25
32246 25
34072 25
39356 25
44551 25
135 24
697 24
1247 24
1804 24
3191 24
3688 24
6162 24
6794 24
7440 24
9499 24
9735 24
9951 24
9963 24
10639 24
10883 24
12202 24
14228 24
19612 24
20221 24
20526 24
21742 24
22219 24
26201 24
27960 24
31341 24
34417 24
36699 24
3243 23
6271 23
6369 23
6415 23
7342 23
7501 23
8152 23
8155 23
8771 23
9291 23
10586 23
10642 23
10830 23
11137 23
13601 23
16838 23
17571 23
17726 23
20788 23
23555 23
25225 23
34278 23
41477 23
48810 23
683 22
804 22
1038 22
2089 22
3094 22
3178 22
3572 22
6057 22
6381 22
7515 22
8767 22
8942 22
9632 22
10491 22
10633 22
11004 22
11042 22
11167 22
11641 22
11790 22
12226 22
13498 22
14316 22
15417 22
20720 22
21004 22
21682 22
21981 22
24101 22
25471 22
34348 22
34425 22
47507 22
48690 22
51627 22
504 21
565 21
897 21
1176 21
2565 21
3933 21
4209 21
7036 21
7897 21
7907 21
8140 21
8252 21
8793 21
9674 21
9993 21
10157 21
18464 21
20923 21
24133 21
24277 21
26199 21
29832 21
30217 21
32047 21
34598 21
49408 21
50273 21
573 20
652 20
781 20
882 20
987 20
1349 20
1793 20
2256 20
3236 20
4821 20
5476 20
5947 20
6084 20
6226 20
7715 20
7951 20
8493 20
8615 20
8707 20
9959 20
10467 20
10809 20
22055 20
25279 20
25484 20
26109 20
27816 20
29445 20
29826 20
34364 20
35152 20
37050 20
37061 20
40925 20
43224 20
44457 20
45193 20
47175 20
47813 20
49577 20
808 19
845 19
1313 19
3125 19
3551 19
4491 19
5017 19
5025 19
7695 19
8750 19
8854 19
15548 19
21896 19
22212 19
23979 19
29266 19
29382 19
31585 19
32217 19
36996 19
37468 19
38875 19
468 18
809 18
1082 18
1715 18
2838 18
3160 18
3520 18
3657 18
3936 18
4483 18
4505 18
4652 18
6126 18
6195 18
6355 18
7783 18
8470 18
8631 18
9682 18
9699 18
9977 18
10729 18
11019 18
11023 18
11224 18
11414 18
12921 18
14349 18
14920 18
16311 18
19627 18
19866 18
20527 18
20994 18
23537 18
23960 18
24038 18
24332 18
26373 18
29118 18
30371 18
34055 18
34818 18
37471 18
40855 18
42747 18
47350 18
47440 18
49857 18
258 17
770 17
877 17
901 17
925 17
1018 17
1792 17
1846 17
3277 17
5365 17
7137 17
8063 17
8215 17
8677 17
9550 17
10908 17
11908 17
15374 17
15748 17
18460 17
18948 17
19215 17
19655 17
22252 17
24746 17
25904 17
26166 17
29383 17
30336 17
30989 17
32115 17
33853 17
33856 17
34637 17
38536 17
39249 17
47065 17
49036 17
49072 17
49504 17
552 16
574 16
913 16
1094 16
1136 16
1233 16
1504 16
1766 16
2128 16
3234 16
3416 16
3555 16
3937 16
4249 16
4563 16
7894 16
8230 16
8391 16
9965 16
10211 16
11159 16
13815 16
15234 16
15790 16
18692 16
18707 16
19702 16
20147 16
20394 16
20439 16
20787 16
20986 16
23039 16
25813 16
27442 16
28531 16
34039 16
40133 16
40665 16
45399 16
48459 16
48477 16
50946 16
34 15
197 15
446 15
538 15
1122 15
1138 15
1411 15
2476 15
3011 15
3211 15
3227 15
3355 15
5199 15
6389 15
7903 15
8653 15
8656 15
8906 15
9690 15
10963 15
12259 15
13247 15
14815 15
16046 15
19157 15
19229 15
19641 15
20126 15
20942 15
24132 15
25233 15
25759 15
26295 15
26895 15
30590 15
34297 15
35567 15
36317 15
38625 15
40723 15
40724 15
49068 15
84 14
844 14
870 14
1044 14
1049 14
1145 14
1321 14
1444 14
1567 14
1725 14
3910 14
9566 14
10824 14
11447 14
11781 14
12775 14
13415 14
13806 14
14454 14
20972 14
26094 14
27732 14
29912 14
35393 14
38773 14
49127 14
444 13
470 13
772 13
820 13
926 13
928 13
1078 13
1130 13
1196 13
3171 13
3772 13
5794 13
8165 13
8339 13
10178 13
10778 13
12614 13
23812 13
26441 13
27670 13
38926 13
48366 13
49617 13
297 12
422 12
499 12
501 12
609 12
708 12
760 12
864 12
965 12
1157 12
1392 12
1520 12
2080 12
2105 12
2245 12
3118 12
3158 12
3173 12
3193 12
4227 12
5590 12
5970 12
6306 12
7354 12
7968 12
9669 12
9808 12
9952 12
10532 12
10943 12
11703 12
12058 12
14239 12
14466 12
14979 12
15519 12
17975 12
20097 12
20158 12
20366 12
22288 12
26445 12
29893 12
31481 12
37394 12
38314 12
39081 12
40326 12
41271 12
45951 12
455 11
473 11
568 11
695 11
764 11
916 11
963 11
1106 11
2974 11
2984 11
3144 11
3180 11
3198 11
6114 11
8187 11
10850 11
11408 11
12974 11
13278 11
14367 11
18897 11
20332 11
20361 11
22221 11
24477 11
26498 11
27678 11
29114 11
29218 11
30553 11
36269 11
38537 11
45189 11
48609 11
49725 11
92 10
313 10
562 10
685 10
1148 10
1332 10
3007 10
3044 10
3179 10
6240 10
7883 10
8233 10
10917 10
11101 10
11120 10
14894 10
19577 10
19611 10
20299 10
20840 10
25378 10
25661 10
26800 10
27403 10
29341 10
29437 10
31724 10
35528 10
35537 10
39969 10
78 9
141 9
363 9
493 9
570 9
580 9
618 9
700 9
838 9
902 9
1001 9
1092 9
1256 9
1314 9
1326 9
1384 9
1407 9
1409 9
1485 9
1825 9
2822 9
3115 9
3188 9
3285 9
6178 9
6194 9
7012 9
7047 9
7617 9
8189 9
8316 9
8617 9
9883 9
9971 9
9972 9
9992 9
10689 9
10744 9
12567 9
13819 9
14320 9
18182 9
18685 9
18801 9
18932 9
19966 9
19973 9
20898 9
21044 9
21220 9
22198 9
25328 9
26399 9
26961 9
27582 9
29402 9
31830 9
35595 9
36074 9
37059 9
37144 9
39936 9
40931 9
44682 9
486 8
763 8
932 8
934 8
979 8
1382 8
2010 8
2060 8
2075 8
2093 8
3221 8
3260 8
3616 8
3941 8
4315 8
4579 8
5723 8
6360 8
7236 8
8008 8
8211 8
8562 8
9231 8
10388 8
10972 8
12813 8
13371 8
13543 8
14579 8
14939 8
15837 8
16830 8
17093 8
17576 8
17609 8
17787 8
17989 8
18523 8
19243 8
19678 8
20659 8
21048 8
24131 8
25073 8
25826 8
26156 8
27543 8
27706 8
28124 8
29431 8
30177 8
30291 8
31882 8
35756 8
36168 8
36344 8
36880 8
38680 8
39009 8
41518 8
45294 8
49519 8
181 7
742 7
881 7
887 7
1723 7
2229 7
3269 7
4678 7
6129 7
8254 7
8463 7
10181 7
11708 7
13794 7
19969 7
20517 7
23503 7
25549 7
25840 7
27545 7
29650 7
31628 7
34122 7
34942 7
35490 7
38225 7
38818 7
38833 7
39119 7
40671 7
42236 7
44538 7
45928 7
47011 7
56 6
57 6
81 6
86 6
88 6
191 6
600 6
606 6
769 6
1236 6
1394 6
1400 6
1406 6
1570 6
1587 6
2541 6
3001 6
3357 6
4248 6
4557 6
4880 6
5499 6
5571 6
6217 6
6548 6
6626 6
6762 6
7324 6
7613 6
7900 6
7924 6
8036 6
8058 6
9526 6
9603 6
9943 6
9946 6
10009 6
10050 6
10142 6
10739 6
10889 6
10976 6
11411 6
12931 6
13101 6
13647 6
13845 6
14440 6
15054 6
15465 6
15789 6
16246 6
16543 6
17607 6
17698 6
17779 6
18168 6
18421 6
18603 6
18701 6
18893 6
18987 6
19045 6
19280 6
19563 6
19685 6
20005 6
20446 6
20500 6
20742 6
21123 6
21617 6
22006 6
22254 6
22388 6
23369 6
23408 6
23520 6
25379 6
25501 6
25564 6
25655 6
25683 6
25688 6
25871 6
25911 6
26497 6
26504 6
27078 6
28675 6
28692 6
28813 6
29799 6
29821 6
30075 6
30423 6
30441 6
31627 6
31771 6
31824 6
34769 6
34941 6
35449 6
36321 6
36938 6
38435 6
38673 6
39391 6
40040 6
40151 6
40575 6
41346 6
44952 6
45668 6
49265 6
51316 6
456 5
548 5
1090 5
1592 5
1698 5
5357 5
9491 5
10383 5
10482 5
11519 5
12909 5
13011 5
13518 5
19216 5
20045 5
20211 5
25089 5
25249 5
27915 5
28281 5
28801 5
29329 5
29621 5
29889 5
31224 5
34119 5
36232 5
36382 5
38644 5
40276 5
43736 5
45506 5
45785 5
47881 5
48306 5
62 4
245 4
419 4
497 4
718 4
1312 4
1451 4
1557 4
1831 4
1844 4
2114 4
2267 4
2856 4
2973 4
3428 4
3435 4
3460 4
3506 4
3613 4
3673 4
4412 4
5105 4
5119 4
5168 4
5214 4
5569 4
5835 4
5965 4
7495 4
7681 4
8299 4
8492 4
8696 4
8954 4
8965 4
9032 4
9127 4
9161 4
9639 4
9684 4
9713 4
10089 4
10304 4
10365 4
11008 4
11013 4
11157 4
11197 4
11231 4
11360 4
11512 4
11515 4
11658 4
12075 4
12094 4
13237 4
13817 4
13849 4
14116 4
14119 4
14166 4
14247 4
14304 4
15170 4
15213 4
15754 4
16269 4
16560 4
16678 4
16903 4
17102 4
17115 4
17273 4
17293 4
17393 4
17632 4
17654 4
17759 4
17777 4
17789 4
17953 4
18120 4
18385 4
18566 4
18592 4
18632 4
18687 4
18751 4
18907 4
18913 4
19331 4
19632 4
19858 4
20392 4
21068 4
21115 4
21423 4
21891 4
21892 4
22261 4
22387 4
23244 4
23335 4
24393 4
25532 4
25706 4
25822 4
26029 4
26229 4
26808 4
26934 4
26963 4
27062 4
27214 4
27216 4
27557 4
27668 4
27924 4
27928 4
27951 4
29247 4
29391 4
29815 4
30154 4
30958 4
31380 4
31496 4
31713 4
32178 4
32756 4
34411 4
36277 4
36928 4
37175 4
37486 4
37574 4
37625 4
38372 4
38584 4
38701 4
38720 4
38975 4
39687 4
39950 4
40716 4
40739 4
40932 4
41074 4
43225 4
47246 4
47500 4
47565 4
47720 4
51567 4
15 3
53 3
114 3
144 3
227 3
230 3
231 3
242 3
273 3
320 3
517 3
603 3
688 3
720 3
730 3
736 3
743 3
985 3
1164 3
1232 3
1272 3
1344 3
1361 3
1368 3
1390 3
1391 3
1393 3
1460 3
1505 3
1583 3
1687 3
1778 3
1779 3
2120 3
2469 3
2547 3
2556 3
2568 3
2617 3
2730 3
2776 3
2954 3
3162 3
3264 3
3445 3
3516 3
3535 3
3559 3
3631 3
3656 3
3841 3
3945 3
4243 3
4255 3
4351 3
4391 3
4479 3
4560 3
4721 3
4882 3
5104 3
5120 3
5159 3
5173 3
5201 3
5478 3
5594 3
5899 3
5941 3
6047 3
6063 3
6111 3
6120 3
6121 3
6198 3
6248 3
6269 3
6286 3
6452 3
7526 3
7665 3
7851 3
7952 3
7953 3
8064 3
8082 3
8471 3
8758 3
9042 3
9309 3
9418 3
9504 3
9573 3
9949 3
10034 3
10079 3
10162 3
10441 3
10643 3
10662 3
10722 3
10726 3
10775 3
10914 3
11065 3
11425 3
11426 3
11480 3
11501 3
11537 3
11762 3
12140 3
12386 3
12506 3
12715 3
12810 3
13007 3
13290 3
13463 3
13585 3
13740 3
13796 3
14181 3
14238 3
14254 3
14260 3
14332 3
14444 3
14935 3
15019 3
15156 3
15175 3
15232 3
15526 3
15656 3
15807 3
15982 3
16309 3
17365 3
17569 3
17740 3
17765 3
18073 3
18505 3
18745 3
18829 3
18852 3
18944 3
19111 3
19130 3
19200 3
19358 3
19572 3
19606 3
19689 3
19691 3
19703 3
19812 3
19841 3
19887 3
19965 3
19968 3
20088 3
21196 3
21842 3
22354 3
23340 3
24252 3
24300 3
25246 3
25372 3
25373 3
25538 3
25614 3
25681 3
25693 3
25785 3
25797 3
26334 3
26547 3
26615 3
26644 3
28808 3
29195 3
29356 3
29805 3
29808 3
29910 3
30781 3
30844 3
30965 3
32277 3
32617 3
34148 3
34284 3
34605 3
34610 3
34623 3
35580 3
35807 3
36026 3
36119 3
36313 3
36357 3
36864 3
36997 3
37560 3
38985 3
39232 3
39592 3
39688 3
39761 3
39827 3
39840 3
39844 3
40949 3
42305 3
43756 3
44513 3
44515 3
44604 3
45673 3
46023 3
46384 3
46750 3
48657 3
43 2
530 2
1799 2
1809 2
4157 2
4664 2
4836 2
8822 2
10437 2
10456 2
10505 2
10523 2
10524 2
10565 2
12551 2
12819 2
15072 2
20381 2
24476 2
397 1
1113 1
1769 1
1771 1
1901 1
1937 1
2098 1
2219 1
5580 1
7584 1
7593 1
10351 1
10360 1
10376 1
10382 1
10400 1
10406 1
10407 1
10410 1
10431 1
10461 1
10462 1
10472 1
10496 1
10566 1
10570 1
10590 1
12553 1
12825 1
15808 1
17261 1
17457 1
20362 1
20378 1
20495 1
20497 1
20944 1
24598 1
24990 1
27175 1
27342 1
27394 1
27542 1
28266 1
28742 1
29814 1
30310 1
35106 1
40541 1
42066 1
48456 1
50573 1
