0	1	4	5	6	11	21	22	23	27	40	43	51	58	61	75	79	93	94	105	115	119	120	123	147	153	154	166	175	176	179	189	191	192	197	201	219	227	229	237	247	261	264	270	273	280	290	
1	0	3	5	8	14	19	20	44	134	136	168	170	187	
2	3	275	
3	1	2	10	12	13	15	31	50	86	150	157	167	190	193	199	
4	0	30	
5	0	1	7	9	12	21	53	106	140	169	181	282	292	
6	0	17	35	67	85	120	
7	5	9	27	
8	1	10	13	24	148	177	203	
9	5	7	13	18	32	37	44	54	57	87	122	163	196	199	235	
10	3	8	34	36	39	
11	0	112	144	159	288	
12	3	5	25	251	
13	3	8	9	42	81	
14	1	16	26	37	91	145	186	241	
15	3	262	
16	14	80	90	
17	6	39	46	60	68	178	214	223	248	250	
18	9	88	228	
19	1	
20	1	41	77	138	224	294	298	
21	0	5	28	37	38	45	82	97	157	179	
22	0	71	108	
23	0	55	133	136	
24	8	29	33	56	92	94	96	268	
25	12	69	283	
26	14	
27	0	7	127	173	
28	21	138	142	235	
29	24	70	101	265	293	
30	4	49	235	277	
31	3	
32	9	52	
33	24	158	259	
34	10	63	143	151	230	289	
35	6	64	76	220	298	
36	10	245	
37	9	14	21	52	98	171	185	269	
38	21	66	95	
39	10	17	47	65	83	99	121	171	244	279	
40	0	48	72	107	155	226	256	
41	20	182	
42	13	146	194	
43	0	207	
44	1	9	60	163	165	202	214	
45	21	114	252	
46	17	84	110	117	211	
47	39	49	69	85	93	137	
48	40	89	
49	30	47	121	149	259	
50	3	
51	0	257	
52	32	37	102	
53	5	
54	9	99	116	226	247	260	
55	23	
56	24	78	109	113	226	
57	9	59	160	285	
58	0	62	73	176	266	
59	57	
60	17	44	135	160	184	
61	0	181	
62	58	259	
63	34	177	
64	35	165	
65	39	198	253	
66	38	
67	6	164	
68	17	
69	25	47	74	103	203	
70	29	180	
71	22	
72	40	212	
73	58	
74	69	181	
75	0	125	188	209	
76	35	132	200	
77	20	111	214	
78	56	
79	0	
80	16	128	
81	13	
82	21	244	258	
83	39	94	104	
84	46	100	
85	6	47	208	237	
86	3	131	
87	9	172	190	
88	18	210	
89	48	219	255	
90	16	
91	14	
92	24	
93	0	47	
94	0	24	83	129	130	141	152	
95	38	
96	24	
97	21	143	
98	37	
99	39	54	138	
100	84	183	
101	29	
102	52	197	
103	69	
104	83	174	217	232	268	
105	0	
106	5	204	
107	40	
108	22	118	
109	56	
110	46	
111	77	159	161	
112	11	
113	56	
114	45	118	
115	0	124	199	
116	54	
117	46	
118	108	114	219	
119	0	202	
120	0	6	
121	39	49	239	
122	9	126	231	279	
123	0	
124	115	254	
125	75	267	
126	122	
127	27	272	
128	80	274	
129	94	240	
130	94	
131	86	
132	76	186	
133	23	139	
134	1	
135	60	234	
136	1	23	
137	47	158	
138	20	28	99	156	
139	133	
140	5	
141	94	
142	28	
143	34	97	236	
144	11	
145	14	
146	42	
147	0	246	
148	8	
149	49	
150	3	
151	34	
152	94	
153	0	
154	0	
155	40	
156	138	290	
157	3	21	162	216	291	
158	33	137	
159	11	111	218	224	225	
160	57	60	206	
161	111	
162	157	
163	9	44	
164	67	284	
165	44	64	215	233	
166	0	
167	3	
168	1	
169	5	
170	1	255	
171	37	39	
172	87	213	221	
173	27	
174	104	205	
175	0	
176	0	58	
177	8	63	295	
178	17	
179	0	21	
180	70	
181	5	61	74	
182	41	
183	100	
184	60	
185	37	
186	14	132	222	
187	1	
188	75	
189	0	
190	3	87	224	
191	0	237	242	
192	0	
193	3	195	
194	42	
195	193	268	271	
196	9	
197	0	102	299	
198	65	
199	3	9	115	
200	76	
201	0	297	
202	44	119	238	263	
203	8	69	
204	106	
205	174	
206	160	243	
207	43	221	288	
208	85	
209	75	246	
210	88	
211	46	
212	72	
213	172	
214	17	44	77	
215	165	276	
216	157	296	
217	104	256	
218	159	
219	0	89	118	
220	35	
221	172	207	
222	186	245	
223	17	
224	20	159	190	
225	159	
226	40	54	56	
227	0	
228	18	
229	0	
230	34	
231	122	
232	104	
233	165	
234	135	286	
235	9	28	30	
236	143	249	
237	0	85	191	
238	202	
239	121	
240	129	
241	14	
242	191	
243	206	
244	39	82	
245	36	222	
246	147	209	
247	0	54	
248	17	270	
249	236	
250	17	278	
251	12	
252	45	260	
253	65	
254	124	
255	89	170	
256	40	217	
257	51	
258	82	281	
259	33	49	62	
260	54	252	
261	0	
262	15	
263	202	
264	0	
265	29	
266	58	
267	125	
268	24	104	195	
269	37	
270	0	248	
271	195	
272	127	
273	0	
274	128	
275	2	287	
276	215	
277	30	
278	250	
279	39	122	
280	0	
281	258	
282	5	
283	25	
284	164	
285	57	
286	234	
287	275	
288	11	207	
289	34	
290	0	156	
291	157	
292	5	
293	29	
294	20	
295	177	
296	216	
297	201	
298	20	35	
299	197	
